$ANSIBLE_VAULT;1.1;AES256
33333136656234373862646638653234303161343464363263613865323032316364306233616463
6462393261326332343032626238333863383932376666360a653934643137643434353138346262
65643435313831333365343763396237353031383363346362373336346638386466383438353538
3765646139626461650a323633383036663830643031623363373935366434633630346332336433
31643861346665653639396461376133373533323135663136313230303465613431643764623134
32653832656464333965613234616264346638356332613033393239663664323138303439393165
39313734656331393639343966383736666137383534396434626261393535313866633066646464
63653135313466336131623065366531376462343435663338343964393163633565383961333366
39316235643666353265323730626335386462316436333833653866393136666563663364333034
31623239343062306262643638393737366462326566373633376236393562623762623634366265
38623239663734613831643335353363653135363031626235313637396662333934613639363132
64613133353731663937613235616638393431383764643363373362643365393232653364373362
36396363323536303734326333646563313531353833373239643262336666363063396336613038
66393533313964656161613362646134343165383430323530326565323833313039313032616662
39303730656335623339666266613438616563333366376537306236643266333762363363393066
32653134643065313062333464643563613331366437353630363433343832626333303932313335
61663737333366326366366464396437363562356439333061636665333833366666643335366132
30316337373261366239656162393663343166383336366565376238626134396432386236316465
62356262356230383962386131633234623865656161306630643932393066306236316462306365
37626562663965363436383362333435666665626535643238366132366231373265623263313664
39616131626231653039306433633662346364326437346539353566663165643038386435616265
62356335343632373535376363643933316637636361623337646265656535323536313065653630
32376165336538313064323964396630626232383434646166323333396438326237653764366164
62363938326464396636373364306633646366626330383435613839353961626562396331313462
31616131393636333931663231626562326532366533313134643330306461626266363137313763
36353932643431633637313032346434306161376533333034323134636466616564623863623834
31643161386464323135303466386361373336613835383030383765643432363331393032656533
33663239393434656338386339356461373233303333646330663763316163623532356639336463
34363034343262646233383137643736333931386432363236363065623931383461616164383962
65303964326439393063376135333831653363326130396433663065323263393732336333626432
37316462326230623131333965396231306131636339323430323130383637353233643836303236
62666334363463633530393766356164343863333733616532316665646464373836346336613731
61326266623033373266366164323365396163326562333535633463343830643662396164333130
39373738393836663865353564666238633330666361346538323164353230636561386663343737
66393466626662336633343430353733653165363963373138633066316361393764393133633739
38316333613765343834353738343462626434646530313838636134623266383939656537383763
61393264623363666534663166393462396139666630623230376464373338626261316466653834
62613130313839636631376563313364396636313133326338346464643864303765333333616632
65333238626635346536663433663533363935386236653664633139343838326164343339626236
66383039376363346632636637313061373530636232616665666433353063366466326431666336
38643532316638326232613532613538643465363366346139616264623632363864663430386134
31663266356630633031663831366139363833653637333161346539316639303366346637356264
36363237333063323437626639386437313034626365663061383865373164383865343335386234
64353731663037366232383339666461653239356262393762303539663533363838376432666537
62646662643135313435663534636532346539323330616334316434366235376164646536653735
65653035343636636530366162346166313938633166373965623737633561373666356139636663
61386233613535393939333738366562636238313632353230623639346137376232383830633761
38366139303063363132646161643662633036393238313831373237623163396263393464343438
64326265303861626532326630613731326365363133386538343133636430313362313939646134
65333539303561303563636330303533306337663763373431323035386339316235356234303766
64613933663636376536313162356539396234373930656339303637343061633332393035323264
32353363646135303131643632393639623738306234346131333831393062666161353961376332
35313965646566373265323363306339353339643662363161386231316237383462626162303238
38656332313635346266666135396162623035333039383532346335346365663030313363353862
63333531396663333663666233353434316364666465663965383931616563373362656235353631
32633632306564346636613364303266666165653138633361336438353838376164363431363666
64653662373139396130306261353363323939616437363032653563396235396463633830663061
61353033633965343466646162396464316333326564383261336336363033643138303535303236
64363732623961383231653333373830303931393834316331626634613335393664326436623531
37313835316333623531363262383534656537343465326236373162303432333335643139353539
65656531343233386362636536663361643766303861356165666666323234613032663862383733
33376230396335313733376563326331333265386261636536393931653565333563313761616161
33316362626635396331613365383436383030653137623438306130366661303166633362623939
31633938656666326464313165623462333964323433343464623037396538303463323834366234
35656136303462626161666430656234353932396662323031363430363637323330656334373266
36616334383137656439376230663036343937653634373133633765623363653366303234613638
31663965636666356234316330646339343933373062626561343838643064663666623535616131
37316263636230313031333439343564306338636334643261393664383737383431353736623336
64316131333963633634313536306464366238306638663031616536313930353864663432633936
39323735656232316437363831313961623866313266326432626663623765656537333631396631
37306366643033623464393537333431366365653662343639323739356439323562343336643230
31386133623333333336653335323834333334636130343432623236356463316332376330666466
37386539363264633031336334323334356566393032363639626436336536343862653462333435
3264653965393431613334313062633931383765623261616238
