$ANSIBLE_VAULT;1.1;AES256
61396438656433326662623531326663313965303964363866663739666530666563383435656362
6231393164353633313138636430323033616134613532300a366238353938363338336236616137
39623538323031393335643439356663666164636461313830653065316666396261623066336161
3162633463633462310a356433346231303539616631653638343835663433653634393936343236
61616433636566373861623331363833653265643261623166353761646666653037333030653739
37356436326366663030373663303333373965646234373461356230653631313666363261363262
32343164623231313934383037306231646464303633383532373830633765616336626561613139
65633930633261343836333038656532343530333262666438323031616239323330663133393034
39616637333531653032633963376236613135393862393033643361316539363334383061386463
66633564363633653831336364363361333034623463333433303933663735613731626565306562
64616461623031626432313131333431346230323831623836313833643138366166613834313965
65363662636339306137303362613530383539353361303637386563336334313232663535393437
35636131346265623439343030326565396165663138316532656132393431633436663339633262
62373662643431336563303731643165396339363961653866646234646262663235346333333263
36313865666436656339383935623739653664633464313166303765613736663737353435313836
33346630663464623339653932616238656564613935613132353331656662373162396539336463
39613332363738613730393166383164653039396632646634616636666238383364653232646163
34323165656538656536363431373134343038383537313665333937356538336465646163323938
64646338623663643634373164306333653832666439313438386131316565323730393263623263
64346566393166366164666138303165663431653162313631643835333963616134383430396664
37633639646636636432356532306437333334323963656463393032653733633363613162393433
35316165343161663462383439376633363534636430616164353736383631326234633838326537
66636435313630633362396464356539353465366663633933303939393733383630363331303564
37613638356464363136393263336534346234646464616436386233396365656430353738303135
39353539396466666662623331383935616337303865646431616563323230616532313465306635
37623332346233336238663464316236386635626332383761616564663164326163303133666336
37303062353331623730633766623435643663386235306632353065396363633736356137646234
35373031653935326431303263613633613864633332663837386138656637383230353163613635
36653436393436353031336665353661303739306265323763613737386361666236356631386333
31373262353939653333613230653038346131626635656633336632306636613231646461643566
33386339663364636233303862373239646362323032653864333631616236623831353334376230
32663931313662653134396435313666643462366536653835363239353532333235346166303163
63616237623332656665373539393731616131613732623332373766363537626662333837646235
31393434336331373932633566316639626232313532383938363631333463376634353937373664
37333734393736343035616536313830353164303838313361326135346464666262646262336465
65323638393833616663316235656664653032336465363364303061396631363265383436393937
61333130646666303338356365366338316264386162656630396163623766323732666263366138
63303732323832626366336463353835633563633939376264353539383232383735383864333366
66393366333037393866353737363161653738663633653065363432653964323936636237623035
37343761633935313832326330636666616162633731613435666664306565623961313463656333
37646432393130633833396230313234303337323739623064323738376235313732666165373836
64386439313537336538353563663634623237613261633534396539633734323439656637303734
62623035366664623636373733653062366132623030393161656139633339623334656539653638
64656361376263623337386261653033616334356239313736333561383230663564316133326137
35623961373565356164636162396237646137336264383665363738663934663164383631363630
32623461313132373663333665353736373863323934326430316666626132643561653962373830
61313835343963666364626432313763386431643061643061396332333232333734646330363733
61383066383536613338356131633233346164306638333265373862363539643734376639323038
39333331633562663731393130653864613131653639636365353533383264376530393937316161
34636432393162343562623965643166656536323935343061396530313139393835393434316338
35636563356134353538396264626265336637626161623830393834383535626534626663373162
64316462616434663334303534313238616638353164613431303237643534613966343564653462
63373066306163386161313263396539346666353231366662303238666439653865386464353666
65373430336562633733346264373630386130313266656566373962303166333731643764306363
61636564393835393338363161336334363435626434393262353536333361386633353737313039
38383063353661393739326562646134313463626262303865393162626137343363333235666564
38653637303266623630396230343339623463623661343633656666313630663636666166386235
35326132353764383661363336613362663939363031356137333733333765353930313330646433
61666630616464633232626664353864613030373636616464363736633531643337643964646533
35623966636635303163613335353835383430616333626233313535666630373236633637343934
64386639666334376633613933353937356565636265373865646661653531353464366364656639
36353265353836663730666230613563623331393363316334396531653662666238313237636266
32306566646132303731646266653030383865626633623863396665653735636232353337383265
37663435386230653664336461373936343364653130316232646236633661303935393136316530
61356363343938646264393866323938306262326338343064626361356236346234346666326535
64336464646230353536376166663936633466633339333266333633363434626566646439643064
36633133646361383033356462343236643130656437613666366165646139613361616232633133
37376363633266303139646136333230376465383333396535303762303064313036636435336637
38643533336238343362366461626438383330373732646361303637393731333337343335366162
66663835353531363032663839653934333334666137656461626332316237306638643564656562
36633531363837336231653066303037386532323965336531303764663030623732353066653362
61636432633063663834336363636539633463356138613863383832366664626139613136656661
39303539323263313766643165326462633961356164313766393835313038336331326438336133
39616433653731356264316432343664353538316331636666396433326565396239646230633934
62373961306337323434356131613038326361316534613061643939376630343034323636323736
34323133323233333533613737663565666232336236643763653539616262346339393133646630
61663138326461376537313865303033663731623263306330656466313661366138383135373936
64316561323130323239623838653266623964396636386161316538653765666231333934633264
31303039626232333236623233636537383334353731376462646366376530393439613366326338
35646234306564386432623164363766363563613730616531333534326435373837656437303664
32633261323334303435373538343736633937393166666538383165353332656430336235326630
30663364646266643962626361353863656266633662303936636265623864353066643033663234
37353537363766383066343339326362656331373538393664313438616132386235643437653834
65363435643338623835613234306134346561333665363737383764633332363366656165373461
65663739656138316532633431316161333664633163623562656439336433336166376361366364
32376135623639386234323565353362666139393164326336616362356536373537613466363363
31353638313733656637626135376365373166393938356134643632353861646665323437363730
66333138653862633165373263663239646432343836646466633230373637643463666431346533
62353837626632323864666235633635316132653466643864623038663839333064353437343132
65643364636636643065643964323538396435306534363136626461383739306431346232353663
64313437643035303531383239336461323165633633396661656530656637313065383534626161
66313533323433613530623165623463333439376434363232643132623436386533663937323965
39393238336336353835373734333736343834326536316361343530313733386262333037646530
30363636326463386331383261343163623063343133386463393264643434653235663434633535
31623832383666356562343566333436303737633861343066353131373761306131663433653836
31363162326530323736386430653430343865666566313536656531353833356635386136333034
34623363353365356233333133373065383662636161333763613333653564376439386631356239
37623130633065363966616666373062393238383062663330623139393165643330333436363739
31643132376165386365636436316436306165363730363637626465363335303534636263633865
65326536303733333266343237613731656431636139373133356466653133313830376530613039
39303033643864343532633963326234623137663762383966363437343463623865613732356465
37376234303638393866663761326464663032633461376466346562333132663031343562613236
35653737646330366432643039356164373463656237666165326236336236323936633061363961
65616433646531633230333835356231336338373064613965303763396234323862343132323338
63366436326336616663623566613162376662643963616464656662316564656135336462393632
66306535303138343532373836316230306663316234646135336631353165303461323535343161
32633434343135626138343261646632303130623366616137373336376435643332346134393361
62306465366234383630663363376262646435653662653230323538663034613232353562656230
62386635656361396238376632383338636565373032633863353335303564396266663035386639
39383631623334653539386165356563306639636261363637373630353962366434636339336232
66313537383361613161373061623039306433623537363131336464626462313639383036383936
61333666383332313666643332363838633335356538396330323039363734313636656135316136
39633266303566623564643535333731303630313863333637376262303836343633393334666561
65633966343662623536653464303466343765643866393661386230346661313034376234653361
37633933373933333139643032396235373036646663633462363161353965323035346634633161
61303031313535396331373161636633366635306136366465343938623330313866303966646661
65366461663231633837616262303765393065623935663264383636366537343630313239616237
38666131353638343465613530616338366535323564623031653532326461653431633438383832
65306637353531336163393736343362343036653738373436383031663031356639316161653035
63616166313263353966633763366138333631356164643136643734383063363234346636363565
31376334633330393438303837643562366631353938313234396533656564663234633037653331
65653164613961373236653534356536373832343236303164636236383063646234373735383865
62343163356338343535376265333763363934353531653235626636333762376566396238333462
62343232356333616136626135636262396263303236353865326534333731613632626238636565
31326566363735616161656132643532303634353236613761643062356365613733643662626366
63333131353965396535353932653731616232303835376131613035346661383261303864356236
65333433336634353836633335303661643961343032343334396663623665386165636562653131
61666333323062396536326532653564393732623862363232393164633363316464393963343431
63383161633531393538376636323231363431653132316665383062623633376164333263386263
32343233363434636365343538393062326164346561633266353361663463643664646532396135
39353538616531646431663039366238323833353963366635343431656165643737306333343964
30613539366430396430636335313362663232353332333739393163623134373831623638363436
6530
